Date,New Cases,Total Cases,New Deaths,Total Deaths
2020-01-30,5,5,0,0
2020-01-31,0,5,0,0
2020-02-01,0,5,0,0
2020-02-02,1,6,0,0
2020-02-03,1,7,0,0
2020-02-04,0,7,0,0
2020-02-05,0,7,0,0
2020-02-06,0,7,0,0
2020-02-07,0,7,0,0
2020-02-08,0,7,0,0
2020-02-09,0,7,0,0
2020-02-10,0,7,0,0
2020-02-11,0,7,0,0
2020-02-12,0,7,0,0
2020-02-13,0,7,0,0
2020-02-14,0,7,0,0
2020-02-15,0,7,0,0
2020-02-16,0,7,0,0
2020-02-17,0,7,0,0
2020-02-18,0,7,0,0
2020-02-19,0,7,0,0
2020-02-20,0,7,0,0
2020-02-21,0,7,0,0
2020-02-22,0,7,0,0
2020-02-23,0,7,0,0
2020-02-24,0,7,0,0
2020-02-25,0,7,0,0
2020-02-26,0,7,0,0
2020-02-27,0,7,0,0
2020-02-28,0,7,0,0
2020-02-29,0,7,0,0
2020-03-01,0,7,0,0
2020-03-02,2,9,0,0
2020-03-03,0,9,0,0
2020-03-04,22,31,0,0
2020-03-05,2,33,0,0
2020-03-06,2,35,0,0
2020-03-07,3,38,0,0
2020-03-08,5,43,0,0
2020-03-09,5,48,0,0
2020-03-10,6,54,0,0
2020-03-11,10,64,0,0
2020-03-12,14,78,0,0
2020-03-13,7,85,1,1
2020-03-14,3,88,1,2
2020-03-15,23,111,0,2
2020-03-16,7,118,0,2
2020-03-17,23,141,1,3
2020-03-18,14,155,0,3
2020-03-19,40,195,1,4
2020-03-20,0,195,0,4
2020-03-21,88,283,0,4
2020-03-22,58,341,1,5
2020-03-23,93,434,4,9
2020-03-24,85,519,0,9
2020-03-25,87,606,1,10
2020-03-26,43,649,3,13
2020-03-27,75,724,4,17
2020-03-28,0,724,0,17
2020-03-29,255,979,8,25
2020-03-30,92,1071,4,29
2020-03-31,180,1251,3,32
2020-04-01,385,1636,6,38
2020-04-02,329,1965,12,50
2020-04-03,336,2301,6,56
2020-04-04,601,2902,12,68
2020-04-05,472,3374,9,77
2020-04-06,693,4067,32,109
2020-04-07,354,4421,5,114
2020-04-08,853,5274,35,149
2020-04-09,591,5865,20,169
2020-04-10,547,6412,30,199
2020-04-11,1035,7447,40,239
2020-04-12,909,8356,34,273
2020-04-13,796,9152,35,308
2020-04-14,1211,10363,31,339
2020-04-15,1076,11439,38,377
2020-04-16,941,12380,37,414
2020-04-17,1007,13387,23,437
2020-04-18,991,14378,43,480
2020-04-19,1334,15712,27,507
2020-04-20,1553,17265,36,543
2020-04-21,1336,18601,47,590
2020-04-22,1383,19984,50,640
2020-04-23,1409,21393,41,681
2020-04-24,1684,23077,37,718
2020-04-25,1429,24506,57,775
2020-04-26,1990,26496,49,824
2020-04-27,1396,27892,48,872
2020-04-28,1543,29435,62,934
2020-04-29,1897,31332,73,1007
2020-04-30,1718,33050,67,1074
2020-05-01,1993,35043,73,1147
2020-05-02,2293,37336,71,1218
2020-05-03,2644,39980,83,1301
2020-05-04,2553,42533,72,1373
2020-05-05,3900,46433,195,1568
2020-05-06,2958,49391,126,1694
2020-05-07,3561,52952,89,1783
2020-05-08,3390,56342,103,1886
2020-05-09,3320,59662,95,1981
2020-05-10,3277,62939,128,2109
2020-05-11,4213,67152,97,2206
2020-05-12,3604,70756,87,2293
2020-05-13,3525,74281,122,2415
2020-05-14,3722,78003,134,2549
2020-05-15,3967,81970,100,2649
2020-05-16,3970,85940,103,2752
2020-05-17,4987,90927,120,2872
2020-05-18,5242,96169,157,3029
2020-05-19,4970,101139,134,3163
2020-05-20,5611,106750,140,3303
2020-05-21,5609,112359,132,3435
2020-05-22,6088,118447,148,3583
2020-05-23,6654,125101,137,3720
2020-05-24,6767,131868,147,3867
2020-05-25,6977,138845,154,4021
2020-05-26,6535,145380,146,4167
2020-05-27,6387,151767,170,4337
2020-05-28,6566,158333,194,4531
2020-05-29,7466,165799,175,4706
2020-05-30,7964,173763,265,4971
2020-05-31,8380,182143,193,5164
2020-06-01,8392,190535,230,5394
2020-06-02,8171,198706,204,5598
2020-06-03,8909,207615,217,5815
2020-06-04,9304,216919,260,6075
2020-06-05,9851,226770,273,6348
2020-06-06,9887,236657,294,6642
2020-06-07,9971,246628,287,6929
2020-06-08,9983,256611,206,7135
2020-06-09,9987,266598,331,7466
2020-06-10,9985,276583,279,7745
2020-06-11,9996,286579,357,8102
2020-06-12,10956,297535,396,8498
2020-06-13,11458,308993,386,8884
2020-06-14,11929,320922,311,9195
2020-06-15,11502,332424,325,9520
2020-06-16,10667,343091,380,9900
2020-06-17,10974,354065,2003,11903
2020-06-18,12881,366946,334,12237
2020-06-19,13586,380532,336,12573
2020-06-20,14516,395048,375,12948
2020-06-21,15413,410461,306,13254
2020-06-22,14821,425282,445,13699
2020-06-23,14933,440215,312,14011
2020-06-24,15968,456183,465,14476
2020-06-25,16922,473105,418,14894
2020-06-26,17296,490401,407,15301
2020-06-27,18552,508953,384,15685
2020-06-28,19906,528859,410,16095
2020-06-29,19459,548318,380,16475
2020-06-30,18522,566840,418,16893
2020-07-01,18653,585493,507,17400
2020-07-02,19148,604641,434,17834
2020-07-03,20903,625544,379,18213
2020-07-04,22771,648315,442,18655
2020-07-05,24850,673165,613,19268
2020-07-06,24248,697413,425,19693
2020-07-07,22252,719665,467,20160
2020-07-08,22752,742417,482,20642
2020-07-09,24879,767296,487,21129
2020-07-10,26506,793802,475,21604
2020-07-11,27114,820916,519,22123
2020-07-12,28637,849553,551,22674
2020-07-13,28701,878254,500,23174
2020-07-14,28498,906752,553,23727
2020-07-15,29429,936181,582,24309
2020-07-16,32695,968876,606,24915
2020-07-17,34956,1003832,687,25602
2020-07-18,34884,1038716,671,26273
2020-07-19,38902,1077618,543,26816
2020-07-20,40425,1118043,681,27497
2020-07-21,37148,1155191,587,28084
2020-07-22,37724,1192915,648,28732
2020-07-23,45720,1238635,1129,29861
2020-07-24,49310,1287945,740,30601
2020-07-25,48916,1336861,757,31358
2020-07-26,48661,1385522,705,32063
2020-07-27,49931,1435453,708,32771
2020-07-28,47703,1483156,654,33425
2020-07-29,48513,1531669,768,34193
2020-07-30,52123,1583792,775,34968
2020-07-31,55078,1638870,779,35747
2020-08-01,57118,1695988,764,36511
2020-08-02,54735,1750723,853,37364
2020-08-03,52972,1803695,771,38135
2020-08-04,52050,1855745,803,38938
